time,x,y,z,phi,theta,psi,x_velocity,y_velocity,z_velocity,phi_velocity,theta_velocity,psi_velocity,rotor_speed1,rotor_speed2,rotor_speed3,rotor_speed4
0.06,-2.72912226043e-05,0.000113659937416,10.0090140053,0.0238483218692,0.00510994655807,0.0,-0.0016169126315,0.00686070704361,0.300410889257,0.0523091952977,-0.0259917855838,0.0,497.5806832426182,495.6746582716058,494.3478787977261,498.1868429361593
0.12000000000000001,-0.000245620976033,0.00109577942389,10.0326938679,0.0272535245327,0.00535175510686,0.0,-0.00570668071146,0.0262617483674,0.488845573491,0.0568915208668,-0.0419431436585,0.0,465.8978420222563,464.64888371230296,463.1612605552684,463.5232437010971
0.18,-0.000717419252771,0.003396932777,10.0701825863,0.0319734241736,0.0036467011096,0.0,-0.00979071617295,0.0510263877616,0.760621011645,0.0682693164601,-0.0332022851617,0.0,488.3619538424849,489.0127847137789,488.4182758588064,489.2682389874321
0.23999999999999996,-0.0013804920282,0.00703685164405,10.115573811,0.038336147355,0.00696950197583,0.0,-0.0126205422412,0.070866615291,0.75240400901,0.0505332650624,-0.059685575154,0.0,403.10241193267467,400.7011690202105,402.5507518564291,400.94611417159877
0.3,-0.00226322323026,0.0120262868071,10.1619712139,0.0416904400619,0.00536816649025,0.0,-0.0166407447213,0.0957666667661,0.794135305569,0.0429992531924,-0.0454257335852,0.0,417.7286315776103,418.967860996123,419.513324222575,418.8602803006147
0.36000000000000004,-0.00336809714283,0.0186955469833,10.2138128604,0.0445209665809,0.00267086388258,0.0,-0.0198955870514,0.126849686839,0.933802095597,0.036185742654,-0.0444283544297,0.0,449.8768986532128,449.9564903023037,450.72242207222064,450.1723473663763
0.4200000000000001,-0.00460843361007,0.0272473805004,10.2731195176,0.0467043075293,0.000334640654098,0.0,-0.0212016813174,0.158431413573,1.04298148724,0.0366896733663,-0.0392271860787,0.0,439.65570238744664,440.0853469771834,441.9709703719617,442.0131043521075
0.48000000000000015,-0.00587997627106,0.0375420182012,10.3347164942,0.0500630134275,6.28141731544,0.0,-0.0210153571522,0.184991238608,1.01026668362,0.0473351110419,-0.0460452785987,0.0,393.02013614179936,392.38659546847356,394.6284685521241,395.6108474136764
0.5400000000000001,-0.00713620430117,0.0497310040181,10.3991686571,0.0535259400471,0.00600357021705,0.0,-0.0217241628661,0.221660040826,1.13799783044,0.0548628916457,-0.0828202475788,0.0,448.19257147358627,445.1915537326193,446.91462938292756,447.5292501088306
0.6000000000000002,-0.00858124085786,0.0644868026308,10.4765663689,0.0578974521527,0.00226671109018,0.0,-0.0259330231426,0.270774243129,1.44155794378,0.0422166814983,-0.0718009190463,0.0,499.554216581865,500.3527321404435,498.4979785586441,497.57446859927353
0.6600000000000003,-0.0101703128014,0.0819652186784,10.5664977775,0.0607023917458,6.28152983651,0.0,-0.0266352444213,0.312115551173,1.55598572586,0.0468536699984,-0.0799112169408,0.0,443.4054558611364,442.7343636235459,444.5875521086372,444.96835858406234
0.7200000000000003,-0.011720990353,0.101895483265,10.6618139895,0.0641620999463,6.27756416233,0.0,-0.0246610124563,0.352562742493,1.62110364541,0.0367506724838,-0.0710657502272,0.0,427.7253387755251,428.47298725612825,429.4512773036489,428.59467702565416
0.7800000000000004,-0.0130404516201,0.124659889531,10.7663708975,0.0664061773032,6.27330789707,0.0,-0.0187980540896,0.406497655942,1.86373353372,0.0380253374027,-0.0707291040959,0.0,482.4442595100829,482.466249402112,483.66381141086754,483.7603176595875
0.8400000000000004,-0.0139914195864,0.150576292662,10.8833926854,0.0687792460006,0.00243810501571,0.0,-0.0142465473497,0.457623744158,2.0366814437,0.0403502320854,-0.02733624658,0.0,461.64693926444204,465.0559218210673,463.29297264606697,463.476397631375
0.9000000000000005,-0.0148863484405,0.179330842675,11.0066932823,0.0714894008898,0.000791359923642,0.0,-0.0154317748856,0.501098124397,2.07324858048,0.0451614483185,-0.0277289906634,0.0,421.12366166779077,421.0894589476312,420.75741601864183,421.1747770971342
0.9600000000000005,-0.0158297473732,0.21079918187,11.132945195,0.0743418728114,0.00160076177757,0.0,-0.0160774141217,0.548104196582,2.13500639758,0.0482710426069,-0.0116601127642,0.0,428.178547253149,429.5432854655013,430.01805729595816,430.2827162227008
1.0200000000000005,-0.0168247985879,0.245198181798,11.2636356705,0.077295386385,0.00110298652787,0.0,-0.0170369478466,0.598803540691,2.22114640706,0.0499536102814,-0.00779456476317,0.0,437.6863702500532,438.00807323037384,437.42477918204213,437.566381589013
1.0800000000000005,-0.0178715279506,0.282535523412,11.3970772014,0.0875302267515,0.00278358478792,0.0,-0.0179892366035,0.646696631041,2.22680205114,0.0192583922388,0.00710618203556,0.0,410.6563503254695,411.9759870078901,413.41597520528614,410.7035615926546
1.1400000000000006,-0.0190258236835,0.323386020877,11.5357815306,0.101096857572,0.00572630303679,0.0,-0.0207994446596,0.716516784219,2.39616025193,-0.0205521468053,0.0233245993242,0.0,463.4092798972872,464.6822366390475,465.9450510429461,462.82238180881757
1.2000000000000006,-0.0204558987129,0.368787841332,11.6858047623,0.0999286516001,0.0152143739579,0.0,-0.0280292126346,0.796676209922,2.60414605398,-0.0187139723655,-0.00905347193632,0.0,478.0351038823723,475.5614911657061,476.4517409328474,476.59231111546467
1.2600000000000007,-0.022579166597,0.418953939661,11.8479071617,0.104927356082,0.033180066261,0.0,-0.0448881159312,0.87601267379,2.79867963884,0.0072158165438,-0.0573970600125,0.0,475.2556576966622,471.53555343014307,473.0713740052598,475.0638278693761
1.3200000000000007,-0.0259085942179,0.473543336656,12.0174437922,0.108810822445,0.0313740565261,0.0,-0.0659020766134,0.943956715677,2.85235139956,0.0263996619596,-0.0445268872205,0.0,429.85387407190274,430.9411878145505,431.38313152747935,432.999953081628
1.3800000000000008,-0.0304978320195,0.532278974574,12.1902048199,0.111443953151,0.0381794347855,0.0,-0.0877523868916,1.01410396323,2.90613878607,0.0364839566416,-0.0794715427694,0.0,432.17620781911154,429.21832423033965,432.4137067029501,433.26269919846516
1.4400000000000008,-0.0364847090175,0.59526371796,12.3661300629,0.113667741051,0.033541764783,0.0,-0.111358493007,1.0855645053,2.95786800867,0.037652419278,-0.0765348962767,0.0,432.25689784320207,432.49919978536127,430.64314956248796,430.74265221799266
1.5000000000000009,-0.0438651021777,0.662790595031,12.547028029,0.115958462803,0.0303937843422,0.0,-0.134301595192,1.16551810013,3.07171308287,0.0341653946477,-0.0645166158959,0.0,450.46012306555156,451.4269616676804,452.52214340857864,452.2419389544168
1.560000000000001,-0.0526071324077,0.735365646943,12.7364429209,0.120578474677,0.0271522712619,0.0,-0.156729268191,1.25407390582,3.24155295059,0.0505677761496,-0.0744907916086,0.0,469.8495970317241,469.07246523499134,468.90967772156097,470.18289357801035
1.620000000000001,-0.0625564267898,0.813086047288,12.933834167,0.12486303967,0.0226831949891,0.0,-0.174452165416,1.33697188691,3.33779403518,0.0616760196478,-0.0769101282958,0.0,448.62980438323655,448.42891660898357,447.274044358794,448.1797799964833
1.680000000000001,-0.0735593568328,0.896324838196,13.1404549629,0.133572175787,0.0198496596491,0.0,-0.191943233834,1.43861118775,3.54872781864,0.0359304627381,-0.0634419021198,0.0,483.29182054337787,484.30231598411507,484.3594588063597,482.4209515440433
1.740000000000001,-0.0855077123692,0.985259784272,13.3554287264,0.135741123126,0.0304183486207,0.0,-0.207325866099,1.52603473315,3.61674811486,0.0329939783743,-0.0230914334091,0.0,440.5507462427504,443.873054328727,441.3840906967178,441.14219806318107
1.8000000000000012,-0.098602215546,1.07963641881,13.5756461263,0.137785594801,0.0335662815895,0.0,-0.229497690417,1.61997548999,3.72339252648,0.034830317468,-0.0476464650328,0.0,455.16532234280993,453.1954474672739,454.87069196516364,455.01815706464544
1.8600000000000012,-0.113204106159,1.18009750276,13.8052052852,0.14004233111,0.0385662659769,0.0,-0.257835795393,1.72885832426,3.92775823416,0.0289965412337,-0.0795794120358,0.0,486.5840421001796,484.18531656659036,484.5099297779426,484.0714303690859
1.9200000000000013,-0.129626809662,1.28727186547,14.0478719102,0.1453640786,0.0363950726132,0.0,-0.289310314788,1.84408540698,4.16012827298,0.0485635302529,-0.0984963131892,0.0,495.32014621408166,493.9216276953894,493.7670611200063,495.20900335944924
1.9800000000000013,-0.147764671851,1.40104779827,14.3015157705,0.149370129996,0.0317377295286,0.0,-0.314751113845,1.94877163491,4.29403674862,0.0358520226012,-0.0873788895848,0.0,467.2751710198398,468.1339681576984,468.00152017374654,467.0120109325811
2.0400000000000014,-0.167267858959,1.52087346725,14.561141579,0.153031615426,0.0282810404131,0.0,-0.334995477283,2.04567544942,4.35978928546,0.0481678842509,-0.0738904132502,0.0,447.052933221325,448.1452289138249,447.5781040805771,448.58024942589475
2.1000000000000014,-0.187922094248,1.64661670893,14.8249516721,0.156439856639,0.0238994007981,0.0,-0.353041168143,2.14601424653,4.43347277037,0.0389913755355,-0.0778576997201,0.0,451.5472143557719,451.2226713457825,451.2368526850385,450.49652275086373
2.1600000000000015,-0.209669175936,1.77883531518,15.0957023173,0.158851790624,0.0282356222185,0.0,-0.372365522764,2.26137322194,4.59076388049,0.0409746703133,-0.111957542659,0.0,479.05766374373417,476.4513054906106,477.1490303618176,477.3011091630252
2.2200000000000015,-0.232527190491,1.91742953559,15.3722036884,0.161313944069,0.0220448933943,0.0,-0.388996848594,2.35858301777,4.62571113572,0.0384028561608,-0.121198723675,0.0,440.972991697457,440.19689374350844,442.17633059406114,441.96521843505474
2.2800000000000016,-0.256247189534,2.06173176967,15.6497618504,0.165829107805,0.0169595011684,0.0,-0.401209958413,2.45184358529,4.62608602119,0.020869924923,-0.106156775699,0.0,429.6098182731612,430.87096497131324,431.76315718618815,430.28164884560863
2.3400000000000016,-0.280690616192,2.21254157653,15.9323346732,0.170155029857,0.011378118979,0.0,-0.412943382105,2.57547120537,4.79211452071,0.000427055352311,-0.117155670945,0.0,482.5267716374721,481.6859975921792,483.5730630075516,482.03039714626055
2.4000000000000017,-0.305685480227,2.37011412746,16.2206304747,0.170920377764,0.0120183873014,0.0,-0.420249852813,2.67692939311,4.81754619251,-0.0102706196728,-0.0879952978157,0.0,439.37076767929676,441.771824892405,441.80384243498986,440.92085316407616
2.4600000000000017,-0.331165090228,2.5345865922,16.5151643874,0.171414584457,0.00674157363838,0.0,-0.428458482061,2.80530624098,4.99935135994,0.000135151924757,-0.0905336963008,0.0,488.827733910279,488.6327251354355,489.19420045400113,489.96863336471324
2.520000000000002,-0.356971810075,2.70551775233,16.8134336673,0.171877827301,0.00131285133871,0.0,-0.431337792075,2.89240557548,4.9431590342,-0.00855184587232,-0.0903787940948,0.0,416.3706929723923,416.37678629165254,416.6300875822795,415.86977790901705
2.580000000000002,-0.382878189975,2.88282963055,17.1150204866,0.172356822744,6.28208642127,0.0,-0.431917132044,3.01783319828,5.10887065651,-0.0207287752788,-0.0725330564291,0.0,485.38670458618026,486.7191281552926,486.1252176117826,485.21190592727896
2.640000000000002,-0.408787748143,3.066354917,17.419071064,0.171585065014,0.00060585250019,0.0,-0.431843267486,3.09958674032,5.02649904026,-0.0143080490444,-0.0467473810615,0.0,407.84558130213634,410.1392165063675,408.27368003901137,408.8462831656349
2.700000000000002,-0.434711401449,3.2559384976,17.7249668058,0.172687115604,6.28169178363,0.0,-0.432061588937,3.21975735349,5.16924551679,-0.000122850244401,-0.0572264892198,0.0,481.0443703224962,480.24868195048504,479.047902487386,480.1256081785556
2.760000000000002,-0.460611737943,3.45186616002,18.0344343675,0.172678626999,6.27969727085,0.0,-0.431127570863,3.31108466812,5.14639199772,-0.000180098797157,-0.071622692228,0.0,430.42497073436346,429.20172618652055,430.09820811728673,430.0933618357779
2.820000000000002,-0.486420000061,3.65423931888,18.3481114726,0.17479247887,6.28304913093,0.0,-0.429492092447,3.43470328252,5.30855903082,-0.0173925194919,-0.0425023122436,0.0,486.23582304905324,488.4104213008094,487.95662894704117,486.6698815104052
2.880000000000002,-0.51218740978,3.86321113752,18.666779236,0.173891852278,6.28098407588,0.0,-0.429234021534,3.53082799357,5.31363736807,-0.0142808269553,-0.035979147865,0.0,440.04573585797084,440.5846383897395,441.55637672525427,441.81314311749577
2.940000000000002,-0.537905415075,4.0785823339,18.9894971271,0.175917165777,6.28169793547,0.0,-0.428131566933,3.64818798924,5.44283100927,0.00315516636901,-0.0557845736046,0.0,480.4097921465038,478.9045716481866,478.86303118687437,480.1878709289753
3.000000000000002,-0.563603921547,4.30049416798,19.3170232331,0.17642315006,0.00807827785137,0.0,-0.429330686315,3.74878147454,5.47443151475,-0.00432495429874,-0.0176024813857,0.0,450.3144694363644,453.39208051942643,451.13336633898086,450.5288444640773
3.0600000000000023,-0.589526749291,4.52829281039,19.6456801063,0.176640187061,0.0117829377736,0.0,-0.435070297331,3.84439616818,5.48068123933,0.00213173481882,0.00512944804655,0.0,442.8804864766996,444.74672350219413,443.58652555659063,444.11657784772024
3.1200000000000023,-0.615853641078,4.76185100285,19.9748840924,0.178919437879,0.012343555339,0.0,-0.442547580518,3.94097359213,5.4925755789,-0.0151803718894,-0.00170804431305,0.0,447.25925928006797,446.70186576332253,445.60800931317584,444.19030587937635
3.1800000000000024,-0.642658334608,5.00119436016,20.3046896907,0.17806062318,0.0186335124601,0.0,-0.451524776864,4.03692169398,5.50083644502,-0.013608941988,-0.0306304732175,0.0,446.3674753505469,444.0004775807481,445.0552111857791,445.18394608705023
3.2400000000000024,-0.670094189191,5.2463077563,20.6352810841,0.177440794525,0.0173946894683,0.0,-0.462899186381,4.13332052847,5.51873627183,-0.00980445840415,-0.040393409465,0.0,447.95750277309185,447.1622676326634,449.17019762335053,449.47881531564497
3.3000000000000025,-0.698201864561,5.49723098799,20.9672720961,0.17774854835,0.0177656779442,0.0,-0.474072405483,4.23065206329,5.54739867615,-0.000565919692779,-0.0599455543563,0.0,453.19507232347894,451.6191458908045,451.56124843199154,452.30615249936454
3.3600000000000025,-0.726891696656,5.7531347347,21.2962987291,0.17772320371,0.0143657327465,0.0,-0.482039313162,4.29946575871,5.42078571505,-0.000193241884718,-0.066151468136,0.0,401.06243195899424,400.4950035757484,400.6975596530022,400.7314567280409
3.4200000000000026,-0.75615014076,6.01484477049,21.6270527583,0.183036600644,0.0129178928237,0.0,-0.493042457744,4.42455546244,5.60309148426,-0.0267001195008,-0.0499164935657,0.0,497.8694588608395,499.05388748440004,497.80656254422155,495.8628812270762
3.4800000000000026,-0.785982884932,6.28319853772,21.963666464,0.181521967699,0.0153237632198,0.0,-0.501574963219,4.52027697941,5.61725891201,-0.0313535334612,-0.0256305681405,0.0,447.58207203029565,449.55372830518246,450.23363362112883,449.85669764776407
3.5400000000000027,-0.81637867941,6.55726348331,22.3012109693,0.182891461089,0.0187463216065,0.0,-0.511946255451,4.61517390749,5.63400731467,-0.0127666484381,-0.0512579226025,0.0,451.57600072979574,449.503013737788,449.5365020376888,451.04033031000955
3.6000000000000028,-0.84738262341,6.83640986549,22.6364689064,0.182453904849,0.0180877275725,0.0,-0.521493692058,4.68961943156,5.54172004901,-0.00757500877309,-0.069530649882,0.0,415.48463732501745,413.8765410791234,414.81005340598466,415.26594109325566
3.660000000000003,-0.878938215988,7.11989575681,22.9656405283,0.184252042126,0.0174118853338,0.0,-0.530308665402,4.76002940594,5.4311491821,-0.0252600747518,-0.0502137072909,0.0,406.5623121709755,408.2865274848244,408.393323171146,406.81249755659974
3.720000000000003,-0.911066024598,7.40822082398,23.2915109728,0.183281868694,0.0145642012021,0.0,-0.54037593333,4.85057971167,5.43117458343,-0.0346389559691,-0.0560245680593,0.0,443.05275018996684,442.57285640231015,444.53048976210914,443.7608817629775
3.780000000000003,-0.943903589363,7.70270776332,23.621585369,0.181748750499,0.0362808247531,0.0,-0.556481978136,4.96518059689,5.57043354814,-0.0440163538241,-0.00235389198104,0.0,485.1797677708309,489.19268929577686,485.8305292313364,485.1262308613868
3.840000000000003,-0.977907114529,8.00306587342,23.9547713019,0.186266331391,0.0367023671472,0.0,-0.577000237085,5.04706632285,5.53571797382,-0.0745504027043,0.004751169636,0.0,434.2096070464567,434.8054004510081,435.29208550056285,432.7266131006697
3.900000000000003,-1.01321587667,8.30864738449,24.2873958069,0.181877548402,0.0401317730565,0.0,-0.60024906601,5.13838860882,5.55175426088,-0.0723523204516,0.0230129340727,0.0,449.629669636459,451.1069548670048,450.56087983778383,450.73443323468865
3.960000000000003,-1.04993210995,8.61939251098,24.619900908,0.177845682986,0.0416290104161,0.0,-0.623763535386,5.2192921937,5.53193134818,-0.0797619609556,0.0178865948398,0.0,439.2759519619314,438.8505521456449,439.2899499959173,438.6704837088487
4.020000000000002,-1.08822985243,8.93546193447,24.9544609941,0.173182045589,0.0452922506315,0.0,-0.65316149308,5.31561545997,5.61967972759,-0.076951111414,0.0343569788995,0.0,472.23656335873665,473.5056292367109,471.664191761958,471.876699974606
4.080000000000001,-1.12835020109,9.25710531139,25.2938240693,0.170564107467,0.0505728785519,0.0,-0.68466464016,5.40535255759,5.69201409025,-0.0936866326456,0.0528480257284,0.0,468.64040648312664,470.07658223272824,468.3140705602289,467.0050452888956
4.14,-1.17049679241,9.5841317663,25.6380917452,0.165298865155,0.0556950121376,0.0,-0.720732093402,5.49473254144,5.78316078587,-0.101532246067,0.0362987991799,0.0,474.98575875989775,473.7158333037423,475.83580860226414,475.227436608165
4.199999999999998,-1.21487479505,9.91631641343,25.987380182,0.164908887002,0.0580392613159,0.0,-0.758736943344,5.57780805656,5.85929293629,-0.0765474164716,0.0397245166305,0.0,471.86768107629837,472.13269174955536,469.7235215243772,471.6506924766482
4.259999999999997,-1.26172071474,10.253871015,26.3435329479,0.172913011165,0.0613636550285,0.0,-0.803080419326,5.67461180642,6.01114397556,-0.0388495008876,0.0492178071551,0.0,494.26360713895315,494.96372110720904,493.87870186776195,496.6493481158577
4.319999999999996,-1.31111184948,10.5966398064,26.7046347811,0.170778852613,0.0847561048858,0.0,-0.845411024304,5.7506071841,6.0253221084,-0.03504391088,-0.00152188600973,0.0,457.9456433546055,453.8911889015596,456.0956992040106,456.3989866160341
4.379999999999995,-1.36316060601,10.9434555652,27.0639706466,0.171746911949,0.084685366115,0.0,-0.889577554315,5.80991341809,5.95287463748,-0.0170106456353,-0.00469889639711,0.0,428.7366473962058,428.46660918225837,427.7666811462403,429.29970087197427
4.439999999999993,-1.41804933418,11.294195676,27.4211488659,0.171098666792,0.0849894455526,0.0,-0.940080692909,5.88122023301,5.95300932729,-0.0250024227814,-0.0143700939275,0.0,451.3212657114976,450.5399215655694,452.28576126624205,451.6415231236866
4.499999999999992,-1.47607339068,11.6493965924,27.7794837943,0.176238448372,0.0850501149301,0.0,-0.994035961208,5.95916870174,5.99094866184,-0.0544555859191,-0.0261618944788,0.0,463.34736556096686,462.4192392719882,465.3969955204251,463.0848479814796
4.559999999999991,-1.53718849549,12.0090181182,28.1383679825,0.173233077587,0.0856164319155,0.0,-1.04318620012,6.027809332,5.97201390788,-0.0613897178102,-0.0113069429933,0.0,445.8290148977655,447.0414155619505,446.8585571379644,446.2906036132819
4.6199999999999894,-1.60109459234,12.3723334664,28.4941996079,0.169844852491,0.085345926041,0.0,-1.08705655842,6.08236374227,5.88960257037,-0.0686613308632,-0.0196055142845,0.0,425.2935788469791,424.5820950090915,425.95443240541994,425.3287718163373
4.679999999999988,-1.667544169,12.7386649023,28.8441194867,0.165790349293,0.0846428567313,0.0,-1.12794942976,6.12833718796,5.77517679415,-0.0668183587981,-0.0131746083514,0.0,412.69204618502744,413.2595023279028,413.0619594086408,413.22063694603895
4.739999999999987,-1.73683080637,13.1083966945,29.1915995257,0.161927901926,0.0876866014683,0.0,-1.1818598142,6.19549718651,5.8073632004,-0.0723821958141,0.00710905672991,0.0,458.39910512607185,460.0085912600502,459.91490287631177,459.47051697161777
4.799999999999986,-1.80956498063,13.4823460084,29.542780362,0.160694441919,0.0897221172856,0.0,-1.24276188453,6.26909892133,5.89809408089,-0.0542285839276,0.0198559800106,0.0,476.6234429100417,477.59675667195944,477.45452955660824,478.8348996921414
4.859999999999984,-1.88561765653,13.8599797745,29.8951824615,0.160400984235,0.0937035267168,0.0,-1.29268640428,6.31859393901,5.84883266395,-0.0743146968757,0.000318944917854,0.0,435.43734335973375,433.799349568997,436.30319475218835,434.6197531611305
4.919999999999983,-1.96516877582,14.2412687674,30.2490951539,0.159172016997,0.0997116799699,0.0,-1.359599116,6.39064066433,5.94756840068,-0.0557912420547,-0.0277161268558,0.0,481.70269750624425,479.5775530091282,480.31904254962245,481.7189851054103
4.979999999999982,-2.04868226327,14.6265914938,30.6074726904,0.157064304823,0.0980469030649,0.0,-1.42401247322,6.45306928867,5.99807802199,-0.069247705581,-0.0278102756248,0.0,467.8482500965124,467.84076633913753,467.85850123480515,466.8069714441309
5.0399999999999805,-2.13583663575,15.0152696382,30.9669028533,0.15331666672,0.0967497819389,0.0,-1.48106377873,6.50241373268,5.98312390212,-0.0775409513323,-0.0357942041313,0.0,447.97732432295504,447.3271718599013,447.94920631870383,447.270151498212
